0.447 0.169 0.104 0.855 0.309 0.892 0.424 0.773 0.368 0.937 0.454 0.334 0.787 0.522 0.253 0.233 0.76 0.167 0.375 0.761 0.239 0.414 0.709 0.812 0.632 
0.259 0.555 0.685 0.158 0.18 0.559 0.025 0.888 0.807 0.018 0.628 0.004 0.857 0.295 0.789 0.468 0.891 0.27 0.537 0.134 0.559 0.71 0.783 0.308 0.801 
0.261 0.006 0.048 0.098 0.222 0.551 0.652 0.293 0.026 0.453 0.182 0.886 0.506 0.278 0.871 0.665 0.765 0.644 0.217 0.27 0.481 0.298 0.475 0.97 0.743 
0.147 0.578 0.952 0.668 0.668 0.452 0.456 0.927 0.504 0.836 0.409 0.683 0.727 0.71 0.044 0.514 0.061 0.476 0.657 0.883 0.717 0.57 0.001 0.694 0.54 
0.476 0.291 0.445 0.629 0.835 0.613 0.855 0.827 0.812 0.063 0.151 0.727 0.94 0.646 0.694 0.98 0.937 0.784 0.318 0.968 0.535 0.597 0.708 0.31 0.247 
0.268 0.337 0.767 0.466 0.993 0.239 0.93 0.113 0.212 0.274 0.032 0.638 0.496 0.483 0.372 0.989 0.004 0.053 0.761 0.399 0.595 0.246 0.748 0.06 0.707 
0.156 0.861 0.092 0.374 0.869 0.907 0.713 0.512 0.974 0.585 0.054 0.754 0.867 0.696 0.799 0.09 0.072 0.49 0.394 0.044 0.535 0.761 0.772 0.467 0.841 
0.105 0.914 0.451 0.18 0.84 0.287 0.887 0.12 0.292 0.847 0.26 0.584 0.95 0.14 0.305 0.698 0.124 0.519 0.288 0.338 0.533 0.119 0.51 0.986 0.738 
0.451 0.471 0.905 0.642 0.655 0.525 0.387 0.042 0.066 0.05 0.248 0.931 0.706 0.517 0.425 0.633 0.324 0.306 0.616 0.923 0.766 0.842 0.785 0.055 0.514 
0.964 0.94 0.75 0.463 0.608 0.974 0.044 0.754 0.877 0.366 0.533 0.268 0.194 0.008 0.639 0.605 0.408 0.765 0.734 0.586 0.368 0.756 0.744 0.423 0.318 
0.116 0.297 0.61 0.178 0.761 0.499 0.834 0.074 0.647 0.133 0.711 0.567 0.327 0.835 0.753 0.493 0.683 0.441 0.857 0.246 0.957 0.524 0.659 0.543 0.876 
0.028 0.819 0.179 0.119 0.615 0.366 0.043 0.283 0.184 0.986 0.951 0.623 0.648 0.866 0.381 0.737 0.474 0.064 0.502 0.186 0.66 0.726 0.527 0.659 0.36 
0.776 0.282 0.783 0.428 0.884 0.621 0.478 0.01 0.078 0.743 0.617 0.858 0.823 0.905 0.408 0.289 0.294 0.673 0.222 0.256 0.63 0.937 0.042 0.403 0.928 
0.941 0.296 0.359 0.569 0.727 0.013 0.357 0.052 0.062 0.344 0.004 0.499 0.95 0.492 0.999 0.338 0.817 0.888 0.202 0.152 0.953 0.718 0.818 0.597 0.53 
0.399 0.197 0.21 0.264 0.221 0.745 0.129 0.056 0.813 0.921 0.333 0.901 0.44 0.553 0.557 0.179 0.581 0.883 0.598 0.8 0.66 0.061 0.705 0.922 0.514 
0.181 0.972 0.286 0.558 0.996 0.952 0.658 0.969 0.485 0.417 0.696 0.738 0.367 0.706 0.232 0.85 0.656 0.864 0.782 0.196 0.199 0.612 0.287 0.967 0.427 
0.211 0.884 0.396 0.627 0.218 0.064 0.003 0.85 0.715 0.113 0.37 0.199 0.151 0.184 0.249 0.962 0.682 0.632 0.641 0.982 0.965 0.97 0.066 0.874 0.92 
0.57 0.48 0.654 0.855 0.332 0.972 0.998 0.032 0.062 0.436 0.694 0.294 0.088 0.238 0.09 0.063 0.867 0.604 0.829 0.612 0.85 0.766 0.708 0.191 0.89 
0.654 0.638 0.827 0.164 0.652 0.442 0.7 0.857 0.967 0.12 0.048 0.826 0.173 0.027 0.432 0.286 0.423 0.77 0.111 0.829 0.22 0.781 0.947 0.601 0.557 
0.188 0.863 0.942 0.763 0.457 0.593 0.842 0.456 0.868 0.194 0.278 0.574 0.335 0.592 0.914 0.051 0.577 0.93 0.523 0.071 0.702 0.857 0.432 0.04 0.672 
0.555 0.422 0.688 0.56 0.644 0.617 0.475 0.729 0.42 0.069 0.319 0.411 0.023 0.159 0.264 0.013 0.729 0.68 0.855 0.056 0.581 0.441 0.762 0.698 0.808 
0.126 0.747 0.315 0.795 0.522 0.295 0.597 0.357 0.983 0.534 0.818 0.81 0.236 0.847 0.991 0.224 0.469 0.874 0.689 0.887 0.311 0.021 0.129 0.311 0.002 
0.786 0.155 0.587 0.346 0.956 0.701 0.992 0.014 0.322 0.631 0.294 0.496 0.673 0.848 0.939 0.097 0.594 0.358 0.533 0.286 0.799 0.742 0.916 0.326 0.435 
0.633 0.908 0.122 0.219 0.503 0.389 0.886 0.169 0.52 0.17 0.485 0.785 0.741 0.743 0.894 0.558 0.233 0.941 0.891 0.823 0.443 0.084 0.902 0.292 0.315 
0.672 0.321 0.624 0.348 0.767 0.92 0.131 0.219 0.489 0.335 0.351 0.662 0.3 0.982 0.871 0.811 0.572 0.599 0.071 0.026 0.422 0.774 0.131 0.318 0.564 
